95 1508221467 0.000000 0.200000 1.000000 1.000000 0.000000
103 1508221467 0.000000 10.000000 0.000000 8.000000 14.704000
106 1508221467 0.000000 0.400000 5.000000 14.000000 8.100000
103 1508221468 0.720000 10.000000 7.200000 7.200000 -20.200000
103 1508221469 0.360000 10.000000 10.800000 10.800000 -20.200000
103 1508221470 0.360000 10.000000 14.400000 14.400000 -20.200000
103 1508221471 0.360000 10.000000 18.000000 18.000000 -20.200000
103 1508221472 0.000000 10.000000 18.000000 18.000000 -20.200000
103 1508221473 0.000000 10.000000 18.000000 18.000000 -20.200000
103 1508221474 0.000000 10.000000 18.000000 18.000000 -20.200000
103 1508221475 0.000000 10.000000 18.000000 18.000000 -20.200000
103 1508221476 0.000000 10.000000 18.000000 18.000000 -20.200000
103 1508221477 0.000000 10.000000 18.000000 18.000000 -20.200000
103 1508221478 0.000000 10.000000 18.000000 18.000000 -20.200000
103 1508221479 0.000000 10.000000 18.000000 18.000000 -20.200000
103 1508221480 0.000000 10.000000 18.000000 18.000000 -20.200000
103 1508221481 0.000000 10.000000 18.000000 18.000000 -20.200000
103 1508221482 0.000000 10.000000 18.000000 18.000000 -20.200000
103 1508221483 0.000000 10.000000 18.000000 18.000000 -20.200000
103 1508221484 0.000000 10.000000 18.000000 18.000000 -20.200000
103 1508221485 0.000000 10.000000 18.000000 18.000000 -20.200000
103 1508221486 0.000000 10.000000 18.000000 18.000000 -20.200000
103 1508221487 327.346774 24.800000 8136.200000 8136.200000 -20.200000
103 1508221488 327.346774 24.800000 16254.400000 16254.400000 -20.200000
103 1508221489 327.346774 24.800000 24372.600000 24372.600000 -20.200000
103 1508221490 327.346774 24.800000 32490.800000 32490.800000 -20.200000
103 1508221491 327.346774 24.800000 40609.000000 40609.000000 -20.200000
103 1508221492 0.000000 24.800000 40609.000000 40609.000000 -20.200000
103 1508221493 0.000000 24.800000 40609.000000 40609.000000 -20.200000
103 1508221494 0.000000 24.800000 40609.000000 40609.000000 -20.200000
103 1508221495 0.000000 24.800000 40609.000000 40609.000000 -20.200000
103 1508221496 0.000000 24.800000 40609.000000 40609.000000 -20.200000
103 1508221497 0.000000 24.800000 40609.000000 40609.000000 -20.200000
103 1508221498 0.000000 24.800000 40609.000000 40609.000000 -20.200000
103 1508221499 0.000000 24.800000 40609.000000 40609.000000 -20.200000
103 1508221500 0.000000 24.800000 40609.000000 40609.000000 -20.200000
103 1508221501 0.000000 24.800000 40609.000000 40609.000000 -20.200000
103 1508221502 0.000000 24.800000 40609.000000 40609.000000 -20.200000
103 1508221503 0.000000 24.800000 40609.000000 40609.000000 -20.200000
103 1508221504 0.000000 24.800000 40609.000000 40609.000000 -20.200000
103 1508221505 0.000000 24.800000 40609.000000 40609.000000 -20.200000
103 1508221506 0.000000 24.800000 40609.000000 40609.000000 -20.200000
103 1508221507 180.568966 46.400000 48987.400000 48987.400000 -20.200000
103 1508221508 180.568966 46.400000 57365.800000 57365.800000 -20.200000
103 1508221509 180.568966 46.400000 65744.200000 65744.200000 -20.200000
103 1508221510 180.568966 46.400000 74122.600000 74122.600000 -20.200000
103 1508221511 180.568966 46.400000 82501.000000 82501.000000 -20.200000
103 1508221512 0.000000 46.400000 82501.000000 82501.000000 -20.200000
103 1508221513 0.000000 46.400000 82501.000000 82501.000000 -20.200000
103 1508221514 0.000000 46.400000 82501.000000 82501.000000 -20.200000
103 1508221515 0.000000 46.400000 82501.000000 82501.000000 -20.200000
103 1508221516 0.000000 46.400000 82501.000000 82501.000000 -20.200000
103 1508221517 0.000000 46.400000 82501.000000 82501.000000 -20.200000
103 1508221518 0.000000 46.400000 82501.000000 82501.000000 -20.200000
103 1508221519 0.000000 46.400000 82501.000000 82501.000000 -20.200000
103 1508221520 0.000000 46.400000 82501.000000 82501.000000 -20.200000
103 1508221521 0.000000 46.400000 82501.000000 82501.000000 -20.200000
103 1508221522 0.000000 46.400000 82501.000000 82501.000000 -20.200000
103 1508221523 0.000000 46.400000 82501.000000 82501.000000 -20.200000
103 1508221524 0.000000 46.400000 82501.000000 82501.000000 -20.200000
103 1508221525 0.000000 46.400000 82501.000000 82501.000000 -20.200000
103 1508221526 0.000000 46.400000 82501.000000 82501.000000 -20.200000
103 1508221527 171.606557 48.800000 90875.400000 90875.400000 -20.200000
103 1508221528 171.606557 48.800000 99249.800000 99249.800000 -20.200000
103 1508221529 171.606557 48.800000 107624.200000 107624.200000 -20.200000
103 1508221530 171.606557 48.800000 115998.600000 115998.600000 -20.200000
103 1508221531 171.606557 48.800000 124373.000000 124373.000000 -20.200000
103 1508221532 0.000000 48.800000 124373.000000 124373.000000 -20.200000
103 1508221533 0.000000 48.800000 124373.000000 124373.000000 -20.200000
103 1508221534 0.000000 48.800000 124373.000000 124373.000000 -20.200000
103 1508221535 0.000000 48.800000 124373.000000 124373.000000 -20.200000
103 1508221536 0.000000 48.800000 124373.000000 124373.000000 -20.200000
103 1508221537 0.000000 48.800000 124373.000000 124373.000000 -20.200000
103 1508221538 0.000000 48.800000 124373.000000 124373.000000 -20.200000
103 1508221539 0.000000 48.800000 124373.000000 124373.000000 -20.200000
103 1508221540 0.000000 48.800000 124373.000000 124373.000000 -20.200000
103 1508221541 0.000000 48.800000 124373.000000 124373.000000 -20.200000
103 1508221542 0.000000 48.800000 124373.000000 124373.000000 -20.200000
103 1508221543 0.000000 48.800000 124373.000000 124373.000000 -20.200000
103 1508221544 0.000000 48.800000 124373.000000 124373.000000 -20.200000
103 1508221545 0.000000 48.800000 124373.000000 124373.000000 -20.200000
103 1508221546 0.000000 48.800000 124373.000000 124373.000000 -20.200000
103 1508221547 0.000000 48.800000 124373.000000 124373.000000 -20.200000
103 1508221548 0.000000 48.800000 124373.000000 124373.000000 -20.200000
103 1508221549 0.000000 48.800000 124373.000000 124373.000000 -20.200000
103 1508221550 0.000000 48.800000 124373.000000 124373.000000 -20.200000
103 1508221551 0.000000 48.800000 124373.000000 124373.000000 -20.200000
103 1508221552 102.718826 81.800000 132775.400000 132775.400000 -20.200000
103 1508221553 102.718826 81.800000 141177.800000 141177.800000 -20.200000
103 1508221554 102.718826 81.800000 149580.200000 149580.200000 -20.200000
103 1508221555 102.718826 81.800000 157982.600000 157982.600000 -20.200000
103 1508221556 102.718826 81.800000 166385.000000 166385.000000 -20.200000
103 1508221557 0.000000 81.800000 166385.000000 166385.000000 -20.200000
103 1508221558 0.000000 81.800000 166385.000000 166385.000000 -20.200000
103 1508221559 0.000000 81.800000 166385.000000 166385.000000 -20.200000
103 1508221560 0.000000 81.800000 166385.000000 166385.000000 -20.200000
103 1508221561 0.000000 81.800000 166385.000000 166385.000000 -20.200000
103 1508221562 0.000000 81.800000 166385.000000 166385.000000 -20.200000
103 1508221563 0.000000 81.800000 166385.000000 166385.000000 -20.200000
103 1508221564 0.000000 81.800000 166385.000000 166385.000000 -20.200000
103 1508221565 0.000000 81.800000 166385.000000 166385.000000 -20.200000
103 1508221566 0.000000 81.800000 166385.000000 166385.000000 -20.200000
103 1508221567 0.000000 81.800000 166385.000000 166385.000000 -20.200000
103 1508221568 0.000000 81.800000 166385.000000 166385.000000 -20.200000
103 1508221569 0.000000 81.800000 166385.000000 166385.000000 -20.200000
103 1508221570 0.000000 81.800000 166385.000000 166385.000000 -20.200000
103 1508221571 0.000000 81.800000 166385.000000 166385.000000 -20.200000
103 1508221572 93.080000 90.000000 174762.200000 174762.200000 -20.200000
103 1508221573 93.080000 90.000000 183139.400000 183139.400000 -20.200000
103 1508221574 93.080000 90.000000 191516.600000 191516.600000 -20.200000
103 1508221575 93.080000 90.000000 199893.800000 199893.800000 -20.200000
103 1508221576 93.080000 90.000000 208271.000000 208271.000000 -20.200000
103 1508221577 0.000000 90.000000 208271.000000 208271.000000 -20.200000
103 1508221578 0.000000 90.000000 208271.000000 208271.000000 -20.200000
103 1508221579 0.000000 90.000000 208271.000000 208271.000000 -20.200000
103 1508221580 0.000000 90.000000 208271.000000 208271.000000 -20.200000
103 1508221581 0.000000 90.000000 208271.000000 208271.000000 -20.200000
103 1508221582 0.000000 90.000000 208271.000000 208271.000000 -20.200000
103 1508221583 0.000000 90.000000 208271.000000 208271.000000 -20.200000
103 1508221584 0.000000 90.000000 208271.000000 208271.000000 -20.200000
103 1508221585 0.000000 90.000000 208271.000000 208271.000000 -20.200000
103 1508221586 0.000000 90.000000 208271.000000 208271.000000 -20.200000
103 1508221587 0.000000 90.000000 208271.000000 208271.000000 -20.200000
103 1508221588 0.000000 90.000000 208271.000000 208271.000000 -20.200000
103 1508221589 0.000000 90.000000 208271.000000 208271.000000 -20.200000
103 1508221590 0.000000 90.000000 208271.000000 208271.000000 -20.200000
103 1508221591 0.000000 90.000000 208271.000000 208271.000000 -20.200000
103 1508221592 88.864407 94.400000 216659.800000 216659.800000 -20.200000
103 1508221593 88.864407 94.400000 225048.600000 225048.600000 -20.200000
103 1508221594 88.864407 94.400000 233437.400000 233437.400000 -20.200000
103 1508221595 88.864407 94.400000 241826.200000 241826.200000 -20.200000
103 1508221596 88.864407 94.400000 250215.000000 250215.000000 -20.200000
103 1508221597 0.000000 94.400000 250215.000000 250215.000000 -20.200000
103 1508221598 0.000000 94.400000 250215.000000 250215.000000 -20.200000
103 1508221599 0.000000 94.400000 250215.000000 250215.000000 -20.200000
103 1508221600 0.000000 94.400000 250215.000000 250215.000000 -20.200000
103 1508221601 0.000000 94.400000 250215.000000 250215.000000 -20.200000
103 1508221602 0.000000 94.400000 250215.000000 250215.000000 -20.200000
103 1508221603 0.000000 94.400000 250215.000000 250215.000000 -20.200000
103 1508221604 0.000000 94.400000 250215.000000 250215.000000 -20.200000
103 1508221605 0.000000 94.400000 250215.000000 250215.000000 -20.200000
103 1508221606 0.000000 94.400000 250215.000000 250215.000000 -20.200000
103 1508221607 0.000000 94.400000 250215.000000 250215.000000 -20.200000
103 1508221608 0.000000 94.400000 250215.000000 250215.000000 -20.200000
103 1508221609 0.000000 94.400000 250215.000000 250215.000000 -20.200000
103 1508221610 0.000000 94.400000 250215.000000 250215.000000 -20.200000
103 1508221611 0.000000 94.400000 250215.000000 250215.000000 -20.200000
103 1508221612 72.854419 115.400000 258622.400000 258622.400000 -20.200000
103 1508221613 72.854419 115.400000 267029.800000 267029.800000 -20.200000
103 1508221614 72.854419 115.400000 275437.200000 275437.200000 -20.200000
103 1508221615 72.854419 115.400000 283844.600000 283844.600000 -20.200000
103 1508221616 72.854419 115.400000 292252.000000 292252.000000 -20.200000
103 1508221617 0.000000 115.400000 292252.000000 292252.000000 -20.200000
103 1508221618 0.000000 115.400000 292252.000000 292252.000000 -20.200000
103 1508221619 0.000000 115.400000 292252.000000 292252.000000 -20.200000
103 1508221620 0.000000 115.400000 292252.000000 292252.000000 -20.200000
103 1508221621 0.000000 115.400000 292252.000000 292252.000000 -20.200000
103 1508221622 0.000000 115.400000 292252.000000 292252.000000 -20.200000
103 1508221623 0.000000 115.400000 292252.000000 292252.000000 -20.200000
103 1508221624 0.000000 115.400000 292252.000000 292252.000000 -20.200000
103 1508221625 0.000000 115.400000 292252.000000 292252.000000 -20.200000
103 1508221626 0.000000 115.400000 292252.000000 292252.000000 -20.200000
103 1508221627 0.000000 115.400000 292252.000000 292252.000000 -20.200000
103 1508221628 0.000000 115.400000 292252.000000 292252.000000 -20.200000
103 1508221629 0.000000 115.400000 292252.000000 292252.000000 -20.200000
103 1508221630 0.000000 115.400000 292252.000000 292252.000000 -20.200000
103 1508221631 0.000000 115.400000 292252.000000 292252.000000 -20.200000
103 1508221632 54.849279 152.600000 300622.000000 300622.000000 -20.200000
103 1508221633 54.849279 152.600000 308992.000000 308992.000000 -20.200000
103 1508221634 54.849279 152.600000 317362.000000 317362.000000 -20.200000
103 1508221635 54.849279 152.600000 325732.000000 325732.000000 -20.200000
103 1508221636 54.849279 152.600000 334102.000000 334102.000000 -20.200000
103 1508221637 0.000000 152.600000 334102.000000 334102.000000 -20.200000
103 1508221638 0.000000 152.600000 334102.000000 334102.000000 -20.200000
103 1508221639 0.000000 152.600000 334102.000000 334102.000000 -20.200000
103 1508221640 0.000000 152.600000 334102.000000 334102.000000 -20.200000
103 1508221641 0.000000 152.600000 334102.000000 334102.000000 -20.200000
103 1508221642 0.000000 152.600000 334102.000000 334102.000000 -20.200000
103 1508221643 0.000000 152.600000 334102.000000 334102.000000 -20.200000
103 1508221644 0.000000 152.600000 334102.000000 334102.000000 -20.200000
103 1508221645 0.000000 152.600000 334102.000000 334102.000000 -20.200000
103 1508221646 0.000000 152.600000 334102.000000 334102.000000 -20.200000
103 1508221647 0.000000 152.600000 334102.000000 334102.000000 -20.200000
103 1508221648 0.000000 152.600000 334102.000000 334102.000000 -20.200000
103 1508221649 0.000000 152.600000 334102.000000 334102.000000 -20.200000
103 1508221650 0.000000 152.600000 334102.000000 334102.000000 -20.200000
103 1508221651 0.000000 152.600000 334102.000000 334102.000000 -20.200000
103 1508221652 0.000000 152.600000 334102.000000 334102.000000 -20.200000
103 1508221653 0.000000 152.600000 334102.000000 334102.000000 -20.200000
103 1508221654 0.000000 152.600000 334102.000000 334102.000000 -20.200000
103 1508221655 0.000000 152.600000 334102.000000 334102.000000 -20.200000
103 1508221656 0.000000 152.600000 334102.000000 334102.000000 -20.200000
103 1508221657 51.110976 164.000000 342484.200000 342484.200000 -20.200000
103 1508221658 51.110976 164.000000 350866.400000 350866.400000 -20.200000
103 1508221659 51.110976 164.000000 359248.600000 359248.600000 -20.200000
103 1508221660 51.110976 164.000000 367630.800000 367630.800000 -20.200000
103 1508221661 51.110976 164.000000 376013.000000 376013.000000 -20.200000
103 1508221662 0.000000 164.000000 376013.000000 376013.000000 -20.200000
103 1508221663 0.000000 164.000000 376013.000000 376013.000000 -20.200000
103 1508221664 0.000000 164.000000 376013.000000 376013.000000 -20.200000
103 1508221665 0.000000 164.000000 376013.000000 376013.000000 -20.200000
103 1508221666 0.000000 164.000000 376013.000000 376013.000000 -20.200000
103 1508221667 0.000000 164.000000 376013.000000 376013.000000 -20.200000
103 1508221668 0.000000 164.000000 376013.000000 376013.000000 -20.200000
103 1508221669 0.000000 164.000000 376013.000000 376013.000000 -20.200000
103 1508221670 0.000000 164.000000 376013.000000 376013.000000 -20.200000
103 1508221671 0.000000 164.000000 376013.000000 376013.000000 -20.200000
103 1508221672 0.000000 164.000000 376013.000000 376013.000000 -20.200000
103 1508221673 0.000000 164.000000 376013.000000 376013.000000 -20.200000
103 1508221674 0.000000 164.000000 376013.000000 376013.000000 -20.200000
103 1508221675 0.000000 164.000000 376013.000000 376013.000000 -20.200000
103 1508221676 0.000000 164.000000 376013.000000 376013.000000 -20.200000
103 1508221677 43.881002 191.600000 384420.600000 384420.600000 -20.200000
103 1508221678 43.881002 191.600000 392828.200000 392828.200000 -20.200000
103 1508221679 43.881002 191.600000 401235.800000 401235.800000 -20.200000
103 1508221680 43.881002 191.600000 409643.400000 409643.400000 -20.200000
103 1508221681 43.881002 191.600000 418051.000000 418051.000000 -20.200000
103 1508221682 0.000000 191.600000 418051.000000 418051.000000 -20.200000
103 1508221683 0.000000 191.600000 418051.000000 418051.000000 -20.200000
103 1508221684 0.000000 191.600000 418051.000000 418051.000000 -20.200000
103 1508221685 0.000000 191.600000 418051.000000 418051.000000 -20.200000
103 1508221686 0.000000 191.600000 418051.000000 418051.000000 -20.200000
103 1508221687 0.000000 191.600000 418051.000000 418051.000000 -20.200000
103 1508221688 0.000000 191.600000 418051.000000 418051.000000 -20.200000
103 1508221689 0.000000 191.600000 418051.000000 418051.000000 -20.200000
103 1508221690 0.000000 191.600000 418051.000000 418051.000000 -20.200000
103 1508221691 0.000000 191.600000 418051.000000 418051.000000 -20.200000
103 1508221692 0.000000 191.600000 418051.000000 418051.000000 -20.200000
103 1508221693 0.000000 191.600000 418051.000000 418051.000000 -20.200000
103 1508221694 0.000000 191.600000 418051.000000 418051.000000 -20.200000
103 1508221695 0.000000 191.600000 418051.000000 418051.000000 -20.200000
103 1508221696 0.000000 191.600000 418051.000000 418051.000000 -20.200000
103 1508221697 36.751318 227.600000 426415.600000 426415.600000 -20.200000
103 1508221698 36.751318 227.600000 434780.200000 434780.200000 -20.200000
103 1508221699 36.751318 227.600000 443144.800000 443144.800000 -20.200000
103 1508221700 36.751318 227.600000 451509.400000 451509.400000 -20.200000
103 1508221701 36.751318 227.600000 459874.000000 459874.000000 -20.200000
103 1508221702 0.000000 227.600000 459874.000000 459874.000000 -20.200000
103 1508221703 0.000000 227.600000 459874.000000 459874.000000 -20.200000
103 1508221704 0.000000 227.600000 459874.000000 459874.000000 -20.200000
103 1508221705 0.000000 227.600000 459874.000000 459874.000000 -20.200000
103 1508221706 0.000000 227.600000 459874.000000 459874.000000 -20.200000
103 1508221707 0.000000 227.600000 459874.000000 459874.000000 -20.200000
103 1508221708 0.000000 227.600000 459874.000000 459874.000000 -20.200000
103 1508221709 0.000000 227.600000 459874.000000 459874.000000 -20.200000
103 1508221710 0.000000 227.600000 459874.000000 459874.000000 -20.200000
103 1508221711 0.000000 227.600000 459874.000000 459874.000000 -20.200000
103 1508221712 0.000000 227.600000 459874.000000 459874.000000 -20.200000
103 1508221713 0.000000 227.600000 459874.000000 459874.000000 -20.200000
103 1508221714 0.000000 227.600000 459874.000000 459874.000000 -20.200000
103 1508221715 0.000000 227.600000 459874.000000 459874.000000 -20.200000
103 1508221716 0.000000 227.600000 459874.000000 459874.000000 -20.200000
103 1508221717 25.606728 327.000000 468247.400000 468247.400000 -20.200000
103 1508221718 25.606728 327.000000 476620.800000 476620.800000 -20.200000
103 1508221719 25.606728 327.000000 484994.200000 484994.200000 -20.200000
103 1508221720 25.606728 327.000000 493367.600000 493367.600000 -20.200000
103 1508221721 25.606728 327.000000 501741.000000 501741.000000 -20.200000
103 1508221722 0.000000 327.000000 501741.000000 501741.000000 -20.200000
103 1508221723 0.000000 327.000000 501741.000000 501741.000000 -20.200000
103 1508221724 0.000000 327.000000 501741.000000 501741.000000 -20.200000
103 1508221725 0.000000 327.000000 501741.000000 501741.000000 -20.200000
103 1508221726 0.000000 327.000000 501741.000000 501741.000000 -20.200000
103 1508221727 0.000000 327.000000 501741.000000 501741.000000 -20.200000
103 1508221728 0.000000 327.000000 501741.000000 501741.000000 -20.200000
103 1508221729 0.000000 327.000000 501741.000000 501741.000000 -20.200000
103 1508221730 0.000000 327.000000 501741.000000 501741.000000 -20.200000
103 1508221731 0.000000 327.000000 501741.000000 501741.000000 -20.200000
103 1508221732 0.000000 327.000000 501741.000000 501741.000000 -20.200000
103 1508221733 0.000000 327.000000 501741.000000 501741.000000 -20.200000
103 1508221734 0.000000 327.000000 501741.000000 501741.000000 -20.200000
103 1508221735 0.000000 327.000000 501741.000000 501741.000000 -20.200000
103 1508221736 0.000000 327.000000 501741.000000 501741.000000 -20.200000
103 1508221737 23.717527 352.600000 510103.800000 510103.800000 -20.200000
103 1508221738 23.717527 352.600000 518466.600000 518466.600000 -20.200000
103 1508221739 23.717527 352.600000 526829.400000 526829.400000 -20.200000
103 1508221740 23.717527 352.600000 535192.200000 535192.200000 -20.200000
103 1508221741 23.717527 352.600000 543555.000000 543555.000000 -20.200000
103 1508221742 0.000000 352.600000 543555.000000 543555.000000 -20.200000
95 1508221477 0.000000 1.000000 2.000000 2.000000 10201.000000
95 1508221476 1.000000 0.200000 2.000000 2.000000 2040.208000
95 1508221475 1.000000 0.200000 1.800000 1.800000 2040.208000
95 1508221474 1.000000 0.200000 1.600000 1.600000 2040.208000
95 1508221473 1.000000 0.200000 1.400000 1.400000 2040.208000
95 1508221472 1.000000 0.200000 1.200000 1.200000 2040.208000
95 1508221471 1.000000 0.200000 1.000000 1.000000 2040.208000
95 1508221470 1.000000 0.200000 0.800000 0.800000 2040.208000
95 1508221469 1.000000 0.200000 0.600000 0.600000 2040.208000
95 1508221468 2.000000 0.200000 0.400000 0.400000 2040.232000
103 1508221804 20902.000000 0.333333 647956.000000 647956.000000 16184644.925926
103 1508221803 20902.000000 0.333333 640988.666667 640988.666667 16184644.925926
103 1508221802 20902.000000 0.333333 634021.333333 634021.333333 16184644.925926
103 1508221801 0.000000 0.200000 627054.000000 627054.000000 2040.200000
103 1508221800 0.000000 0.200000 627054.000000 627054.000000 2040.200000
103 1508221799 0.000000 0.200000 627054.000000 627054.000000 2040.200000
103 1508221798 0.000000 0.200000 627054.000000 627054.000000 2040.200000
103 1508221797 0.000000 0.200000 627054.000000 627054.000000 2040.200000
103 1508221796 0.000000 0.200000 627054.000000 627054.000000 2040.200000
103 1508221795 0.000000 0.200000 627054.000000 627054.000000 2040.200000
103 1508221794 0.000000 0.200000 627054.000000 627054.000000 2040.200000
103 1508221793 0.000000 0.200000 627054.000000 627054.000000 2040.200000
103 1508221792 0.000000 0.200000 627054.000000 627054.000000 2040.200000
103 1508221791 0.000000 0.200000 627054.000000 627054.000000 2040.200000
103 1508221790 0.000000 0.200000 627054.000000 627054.000000 2040.200000
103 1508221789 0.000000 0.200000 627054.000000 627054.000000 2040.200000
103 1508221788 0.000000 0.200000 627054.000000 627054.000000 2040.200000
103 1508221787 0.000000 0.200000 627054.000000 627054.000000 2040.200000
103 1508221786 41628.000000 0.200000 627054.000000 627054.000000 13865163.272000
103 1508221785 41628.000000 0.200000 618728.400000 618728.400000 13865163.272000
103 1508221784 41628.000000 0.200000 610402.800000 610402.800000 13865163.272000
103 1508221783 41628.000000 0.200000 602077.200000 602077.200000 13865163.272000
103 1508221782 41628.000000 0.200000 593751.600000 593751.600000 13865163.272000
103 1508221781 0.000000 0.200000 585426.000000 585426.000000 2040.200000
103 1508221780 0.000000 0.200000 585426.000000 585426.000000 2040.200000
103 1508221779 0.000000 0.200000 585426.000000 585426.000000 2040.200000
103 1508221778 0.000000 0.200000 585426.000000 585426.000000 2040.200000
103 1508221777 0.000000 0.200000 585426.000000 585426.000000 2040.200000
103 1508221776 0.000000 0.200000 585426.000000 585426.000000 2040.200000
103 1508221775 0.000000 0.200000 585426.000000 585426.000000 2040.200000
103 1508221774 0.000000 0.200000 585426.000000 585426.000000 2040.200000
103 1508221773 0.000000 0.200000 585426.000000 585426.000000 2040.200000
103 1508221772 0.000000 0.200000 585426.000000 585426.000000 2040.200000
103 1508221771 0.000000 0.200000 585426.000000 585426.000000 2040.200000
103 1508221770 0.000000 0.200000 585426.000000 585426.000000 2040.200000
103 1508221769 0.000000 0.200000 585426.000000 585426.000000 2040.200000
103 1508221768 0.000000 0.200000 585426.000000 585426.000000 2040.200000
103 1508221767 0.000000 0.200000 585426.000000 585426.000000 2040.200000
103 1508221766 41871.000000 0.200000 585426.000000 585426.000000 14027485.328000
103 1508221765 41871.000000 0.200000 577051.800000 577051.800000 14027485.328000
103 1508221764 41871.000000 0.200000 568677.600000 568677.600000 14027485.328000
103 1508221763 41871.000000 0.200000 560303.400000 560303.400000 14027485.328000
103 1508221762 41871.000000 0.200000 551929.200000 551929.200000 14027485.328000
103 1508221761 0.000000 0.200000 543555.000000 543555.000000 2040.200000
103 1508221760 0.000000 0.200000 543555.000000 543555.000000 2040.200000
103 1508221759 0.000000 0.200000 543555.000000 543555.000000 2040.200000
103 1508221758 0.000000 0.200000 543555.000000 543555.000000 2040.200000
103 1508221757 0.000000 0.200000 543555.000000 543555.000000 2040.200000
103 1508221756 0.000000 0.200000 543555.000000 543555.000000 2040.200000
103 1508221755 0.000000 0.200000 543555.000000 543555.000000 2040.200000
103 1508221754 0.000000 0.200000 543555.000000 543555.000000 2040.200000
103 1508221753 0.000000 0.200000 543555.000000 543555.000000 2040.200000
103 1508221752 0.000000 0.200000 543555.000000 543555.000000 2040.200000
103 1508221751 0.000000 0.200000 543555.000000 543555.000000 2040.200000
103 1508221750 0.000000 0.200000 543555.000000 543555.000000 2040.200000
103 1508221749 0.000000 0.200000 543555.000000 543555.000000 2040.200000
103 1508221748 0.000000 0.200000 543555.000000 543555.000000 2040.200000
103 1508221747 0.000000 0.200000 543555.000000 543555.000000 2040.200000
103 1508221746 0.000000 0.200000 543555.000000 543555.000000 2040.200000
103 1508221745 0.000000 0.200000 543555.000000 543555.000000 2040.200000
103 1508221744 0.000000 0.200000 543555.000000 543555.000000 2040.200000
103 1508221743 0.000000 0.200000 543555.000000 543555.000000 2040.200000
106 1508221472 0.000000 1.000000 19.000000 19.000000 10201.000000
106 1508221471 19.000000 0.200000 19.000000 19.000000 2043.088000
106 1508221470 19.000000 0.200000 15.200000 15.200000 2043.088000
106 1508221469 19.000000 0.200000 11.400000 11.400000 2043.088000
106 1508221468 38.000000 0.200000 7.600000 7.600000 2051.752000
