99 1508221467 10.000000 -1.000000 -101.000000 0.000000 0.000000
99 1508221468 10.000000 -1.000000 -101.000000 0.000000 0.000000
99 1508221469 10.000000 -1.000000 -101.000000 0.000000 0.000000
99 1508221470 10.000000 -1.000000 -101.000000 0.000000 0.000000
99 1508221471 10.000000 -1.000000 -101.000000 0.000000 0.000000
99 1508221487 14.800000 -1.000000 -101.000000 0.000000 0.000000
99 1508221488 14.800000 -1.000000 -101.000000 0.000000 0.000000
99 1508221489 14.800000 -1.000000 -101.000000 0.000000 0.000000
99 1508221490 14.800000 -1.000000 -101.000000 0.000000 0.000000
99 1508221491 14.800000 -1.000000 -101.000000 0.000000 0.000000
99 1508221507 21.600000 -1.000000 -101.000000 0.000000 0.000000
99 1508221508 21.600000 -1.000000 -101.000000 0.000000 0.000000
99 1508221509 21.600000 -1.000000 -101.000000 0.000000 0.000000
99 1508221510 21.600000 -1.000000 -101.000000 0.000000 0.000000
99 1508221511 21.600000 -1.000000 -101.000000 0.000000 0.000000
99 1508221527 2.400000 -1.000000 -101.000000 0.000000 0.000000
99 1508221528 2.400000 -1.000000 -101.000000 0.000000 0.000000
99 1508221529 2.400000 -1.000000 -101.000000 0.000000 0.000000
99 1508221530 2.400000 -1.000000 -101.000000 0.000000 0.000000
99 1508221531 2.400000 -1.000000 -101.000000 0.000000 0.000000
99 1508221552 33.000000 -1.000000 -101.000000 0.000000 0.000000
99 1508221553 33.000000 -1.000000 -101.000000 0.000000 0.000000
99 1508221554 33.000000 -1.000000 -101.000000 0.000000 0.000000
99 1508221555 33.000000 -1.000000 -101.000000 0.000000 0.000000
99 1508221556 33.000000 -1.000000 -101.000000 0.000000 0.000000
99 1508221572 8.200000 -1.000000 -101.000000 0.000000 0.000000
99 1508221573 8.200000 -1.000000 -101.000000 0.000000 0.000000
99 1508221574 8.200000 -1.000000 -101.000000 0.000000 0.000000
99 1508221575 8.200000 -1.000000 -101.000000 0.000000 0.000000
99 1508221576 8.200000 -1.000000 -101.000000 0.000000 0.000000
99 1508221592 4.400000 -1.000000 -101.000000 0.000000 0.000000
99 1508221593 4.400000 -1.000000 -101.000000 0.000000 0.000000
99 1508221594 4.400000 -1.000000 -101.000000 0.000000 0.000000
99 1508221595 4.400000 -1.000000 -101.000000 0.000000 0.000000
99 1508221596 4.400000 -1.000000 -101.000000 0.000000 0.000000
99 1508221612 21.000000 -1.000000 -101.000000 0.000000 0.000000
99 1508221613 21.000000 -1.000000 -101.000000 0.000000 0.000000
99 1508221614 21.000000 -1.000000 -101.000000 0.000000 0.000000
99 1508221615 21.000000 -1.000000 -101.000000 0.000000 0.000000
99 1508221616 21.000000 -1.000000 -101.000000 0.000000 0.000000
99 1508221632 37.200000 -1.000000 -101.000000 0.000000 0.000000
99 1508221633 37.200000 -1.000000 -101.000000 0.000000 0.000000
99 1508221634 37.200000 -1.000000 -101.000000 0.000000 0.000000
99 1508221635 37.200000 -1.000000 -101.000000 0.000000 0.000000
99 1508221636 37.200000 -1.000000 -101.000000 0.000000 0.000000
99 1508221657 11.400000 -1.000000 -101.000000 0.000000 0.000000
99 1508221658 11.400000 -1.000000 -101.000000 0.000000 0.000000
99 1508221659 11.400000 -1.000000 -101.000000 0.000000 0.000000
99 1508221660 11.400000 -1.000000 -101.000000 0.000000 0.000000
99 1508221661 11.400000 -1.000000 -101.000000 0.000000 0.000000
99 1508221677 27.600000 -1.000000 -101.000000 0.000000 0.000000
99 1508221678 27.600000 -1.000000 -101.000000 0.000000 0.000000
99 1508221679 27.600000 -1.000000 -101.000000 0.000000 0.000000
99 1508221680 27.600000 -1.000000 -101.000000 0.000000 0.000000
99 1508221681 27.600000 -1.000000 -101.000000 0.000000 0.000000
99 1508221697 36.000000 -1.000000 -101.000000 0.000000 0.000000
99 1508221698 36.000000 -1.000000 -101.000000 0.000000 0.000000
99 1508221699 36.000000 -1.000000 -101.000000 0.000000 0.000000
99 1508221700 36.000000 -1.000000 -101.000000 0.000000 0.000000
99 1508221701 36.000000 -1.000000 -101.000000 0.000000 0.000000
99 1508221717 99.400000 -1.000000 -101.000000 0.000000 0.000000
99 1508221718 99.400000 -1.000000 -101.000000 0.000000 0.000000
99 1508221719 99.400000 -1.000000 -101.000000 0.000000 0.000000
99 1508221720 99.400000 -1.000000 -101.000000 0.000000 0.000000
99 1508221721 99.400000 -1.000000 -101.000000 0.000000 0.000000
99 1508221737 25.600000 -1.000000 -101.000000 0.000000 0.000000
99 1508221738 25.600000 -1.000000 -101.000000 0.000000 0.000000
99 1508221739 25.600000 -1.000000 -101.000000 0.000000 0.000000
99 1508221740 25.600000 -1.000000 -101.000000 0.000000 0.000000
99 1508221741 25.600000 -1.000000 -101.000000 0.000000 0.000000
99 1508221804 0.333333 -1.000000 0.333333 0.333333 0.022222
99 1508221803 0.333333 -1.000000 0.333333 0.333333 0.022222
99 1508221802 0.333333 -1.000000 0.333333 0.333333 0.022222
99 1508221786 14.400000 -1.000000 14.400000 14.400000 41.472000
99 1508221785 14.400000 -1.000000 14.400000 14.400000 41.472000
99 1508221784 14.400000 -1.000000 14.400000 14.400000 41.472000
99 1508221783 14.400000 -1.000000 14.400000 14.400000 41.472000
99 1508221782 14.400000 -1.000000 14.400000 14.400000 41.472000
99 1508221766 101.800000 -1.000000 101.800000 101.800000 2072.648000
99 1508221765 101.800000 -1.000000 101.800000 101.800000 2072.648000
99 1508221764 101.800000 -1.000000 101.800000 101.800000 2072.648000
99 1508221763 101.800000 -1.000000 101.800000 101.800000 2072.648000
99 1508221762 101.800000 -1.000000 101.800000 101.800000 2072.648000
100 1508221476 0.200000 -1.000000 0.200000 0.200000 0.008000
100 1508221475 0.200000 -1.000000 0.200000 0.200000 0.008000
100 1508221474 0.200000 -1.000000 0.200000 0.200000 0.008000
100 1508221473 0.200000 -1.000000 0.200000 0.200000 0.008000
100 1508221472 0.200000 -1.000000 0.200000 0.200000 0.008000
100 1508221471 0.200000 -1.000000 0.200000 0.200000 0.008000
100 1508221470 0.200000 -1.000000 0.200000 0.200000 0.008000
100 1508221469 0.200000 -1.000000 0.200000 0.200000 0.008000
100 1508221468 0.200000 -1.000000 0.200000 0.200000 0.008000
100 1508221467 0.200000 -1.000000 0.200000 0.200000 0.008000
